1000
# on
31 2C 31 32 33 20 20 2C 31 2D 35 2B 39 2C 32 38 39 20 20 2C 33 20 20 20 20 2C 35 32 31 20 20 2C 31 2D 33 20 20 2C 47 20 37 31 30 2C 31 20 20 20 20 2C 47 20 37 31 31 2C 31 2D 32 20 20
2000
# on
31 2C 32 38 39 20 20 2C 33 20 20 20 20 2C 35 32 31 20 20 2C 31 2D 33 20 20 2C 47 20 37 31 30 2C 31 20 20 20 20 2C 47 20 37 31 31 2C 31 2D 32 20 20 2C 23 67 42 52 49 2C 35 30 20 20 20
3000
# on
31 2C 35 32 31 20 20 2C 31 2D 33 20 20 2C 47 20 37 31 30 2C 31 20 20 20 20 2C 47 20 37 31 31 2C 31 2D 32 20 20 2C 23 67 42 52 49 2C 35 30 20 20 20 2C 31 35 32 31 20 2C 31 20 20 20 20
2000
# on
31 2C 47 20 37 31 30 2C 31 20 20 20 20 2C 47 20 37 31 31 2C 31 2D 32 20 20 2C 23 67 42 52 49 2C 35 30 20 20 20 2C 31 35 32 31 20 2C 31 20 20 20 20 2C 31 37 31 30 20 2C 31 20 20 20 20
5000
# on
31 2C 47 20 37 31 31 2C 31 2D 32 20 20 2C 23 67 42 52 49 2C 35 30 20 20 20 2C 31 35 32 31 20 2C 31 20 20 20 20 2C 31 37 31 30 20 2C 31 20 20 20 20 2C 31 37 31 31 20 2C 31 20 20 20 20
5000
# on (lödp äöüßä)
31 2C 6C F6 64 70 20 2C E4 F6 FC DF E4 2C 23 67 42 52 49 2C 35 30 20 20 20 2C 31 35 32 31 20 2C 31 20 20 20 20 2C 31 37 31 30 20 2C 31 20 20 20 20 2C 31 37 31 31 20 2C 31 20 20 20 20
5000
# on (empty slots: first all empty, second kerlus empty, third stucki empty)
31 2C 20 20 20 20 20 2C 20 20 20 20 20 2C 20 20 20 20 20 2C 35 30 20 20 20 2C 31 35 32 31 20 2C 20 20 20 20 20 2C 31 37 31 30 20 2C 31 20 20 20 20 2C 31 37 31 31 20 2C 31 20 20 20 20
5000
# off
30 2C 47 20 37 31 31 2C 31 2D 32 20 20 2C 23 67 42 52 49 2C 35 30 20 20 20 2C 31 35 32 31 20 2C 31 20 20 20 20 2C 31 37 31 30 20 2C 31 20 20 20 20 2C 31 37 31 31 20 2C 31 20 20 20 20
1000
# off
30 2C 47 20 37 31 31 2C 31 2D 32 20 20 2C 23 67 42 52 49 2C 35 30 20 20 20 2C 31 35 32 31 20 2C 31 20 20 20 20 2C 31 37 31 30 20 2C 31 20 20 20 20 2C 31 37 31 31 20 2C 31 20 20 20 20
